        6       4       1
2
64.5 8.2 -2.7 1.4 -6.6
343.0 20.0 -5.6 4.1 -18.0
        6       5       1
1
392.0 20.4 -6.1 4.5 -18.0
        6       6       1
1
490.0 12.2 -3.9 1.9 -10.3
        6       7       0
        7       5       1
2
97.9 10.5 -3.3 1.4 -7.7
493.0 20.5 -5.8 4.1 -18.0
        7       6       1
1
552.0 20.8 -6.3 4.4 -18.2
        7       7       1
1
667.0 12.3 -4.0 1.9 -10.3
        7       8       0
	8	6	1
2
138.0 10.4 -3.3 1.4 -7.4
670.0 20.8 -6.0 4.1 -18.0
	8	7	1
1
739.0 21.2 -6.5 4.3 -18.4
	8	8	1
1
871.0 12.3 -4.0 1.9 -10.3
	8	9	0
	10	8	1
2
239.0 10.1 -3.1 1.4 -7.1
1107.0 21.5 -6.4 4.1 -18.0
	10	9	1
1
1196.0 21.9 -6.8 4.2 -18.7
	10	10	1
1
1362.0 12.5 -4.1 1.9 -10.4
	10	11	0
	12	 4	1
2
109.0 50.1 -20.2 14.2 -41.7
144.0 19.0 -5.3 2.8 -19.0
	12	 5	1
2
141.0 43.3 -16.3 10.3 -33.4
172.0 18.6 -4.9 2.8 -17.5
	12	 6	1
2
187.0 35.1 -12.4 6.9 -25.1
201.0 18.2 -4.6 2.8 -16.0
	12	 7	1
2
225.0 25.5 -8.5 4.1 -16.8
241.0 18.0 -4.3 2.8 -14.5
	12	 8	1
2
266.0 14.5 -4.6 1.8 -8.5
283.0 17.5 -4.0 2.8 -13.0
	12	 9	1
2
328.0 17.1 -3.6 2.7 -11.5
1611.0 22.0 -6.7 4.1 -18.0
	12	10	1
2
367.0 10.0 -3.0 1.4 -6.8
1653.0 22.0 -6.7 4.1 -18.0
	12	11	1
1
1762.0 22.4 -7.1 4.1 -18.9
	12	12	1
1
1963.0 12.6 -4.2 1.9 -10.4
	12	13	0
	14	 6	1
2
205.0 60.8 -20.2 13.2 -41.7
250.0 19.3 -5.8 2.8 -17.8
	14	 7	1
2
246.0 49.5 -16.3 9.6 -33.4
285.0 19.0 -5.4 2.8 -16.6
	14	 8	1
2
303.0 38.3 -12.4 6.4 -25.1
321.0 18.6 -5.1 2.8 -15.4
	14	 9	1
2
351.0 27.0 -8.5 3.8 -16.8
371.0 18.3 -4.7 2.8 -14.1
	14	10	1
2
401.0 14.0 -4.6 1.6 -8.5
423.0 18.0 -4.3 2.8 -12.9
	14	11	1
2
476.0 17.7 -4.0 2.7 -11.7
2259.0 22.4 -6.9 4.1 -18.0
	14	12	1
2
523.0 9.8 -2.9 1.4 -6.6
2309.0 22.4 -6.9 4.1 -18.0
	14	13	1
1
2438.0 22.9 -7.3 4.0 -19.1
	14	14	1
1
2673.0 12.7 -4.3 1.9 -10.4
	14	15	0
	16	 8	1
2
328.0 60.8 -20.2 10.9 -41.7
384.0 19.3 -6.3 2.8 -16.6
	16	 9	1
2
379.0 49.5 -16.3 8.0 -33.4
426.0 19.1 -5.9 2.8 -15.6
	16	10	1
2
447.0 38.3 -12.4 5.5 -25.1
469.0 18.8 -5.5 2.8 -14.7
	16	11	1
2
505.0 27.0 -8.5 3.3 -16.8
528.0 18.6 -5.1 2.8 -13.7
	16	12	1
2
564.0 14.0 -4.6 1.5 -8.5
589.0 18.3 -4.7 2.8 -12.8
	16	13	1
2
652.0 18.1 -4.4 2.7 -11.8
3017.0 22.8 -7.1 4.1 -18.0
	16	14	1
2
707.0 9.7 -2.8 1.4 -6.4
3075.0 22.8 -7.1 4.1 -18.0
	16	15	1
1
3224.0 23.3 -7.6 4.0 -19.3
	16	16	1
1
3493.0 12.8 -4.3 1.9 -10.5
	16	17	0
        18      10      1
2
479.0 60.8 -20.2 9.3 -41.7
545.0 19.4 -6.8 2.8 -15.3
        18      11      1
2
539.0 49.5 -16.3 6.9 -33.4
594.0 19.2 -6.4 2.8 -14.6
        18      12      1
2
618.0 38.3 -12.4 4.8 -25.1
644.0 18.9 -5.9 2.8 -14.0
        18      13      1
2
686.0 27.0 -8.5 3.0 -16.8
713.0 18.7 -5.4 2.8 -13.3
        18      14      1
2
755.0 14.0 -4.6 1.4 -8.5
784.0 18.5 -5.0 2.8 -12.6
        18      15      1
2
855.0 18.4 -4.6 2.7 -12.0
3885.0 23.1 -7.3 4.1 -18.0
	18	16	1
2
918.0 9.6 -2.8 1.4 -6.2
3951.0 23.1 -7.3 4.1 -18.0
	18	17	1
1
4121.0 23.7 -7.8 3.9 -19.5
	18	18	1
1
4426.0 12.8 -4.4 1.9 -10.5
	18 	19	0
	20	12	1
2
657.0 60.8 -20.2 8.1 -41.7
734.0 19.4 -7.3 2.8 -14.1
	20	13	1
2
727.0 49.5 -16.3 6.1 -33.4
790.0 19.2 -6.8 2.8 -13.7
	20	14	1
2
818.0 38.3 -12.4 4.3 -25.1
847.0 19.0 -6.3 2.8 -13.2
	20	15	1
2
894.0 27.0 -8.5 2.7 -16.8
925.0 18.9 -5.8 2.8 -12.8
	20	16	1
2
974.0 14.0 -4.6 1.3 -8.5
1006.0 18.7 -5.3 2.8 -12.4
	20	17	1
2
1087.0 18.6 -4.6 2.7 -12.1
4865.0 23.4 -7.4 4.1 -18.0
	20	18	1
2
1157.0 9.5 -2.7 1.4 -6.1
4939.0 23.4 -7.4 4.1 -18.0
	20	19	1
1
5129.0 24.0 -7.9 3.9 -19.6
	20	20	1
1
5470.0 12.9 -4.4 1.9 -10.5
	20	21	0
	26	10	2
2
262.0 57.7 -18.6 7.8 -40.3
297.0 21.0 -7.1 2.3 -14.1
	26 	11	2
2
290.0 45.6 -13.9 6.2 -30.0
324.0 22.8 -8.4 2.3 -15.4
	26	12	2
2
331.0 39.2 -9.7 4.4 -20.8
356.0 24.6 -9.8 2.3 -16.8
	26	13	2
2
361.0 21.3 -5.9 3.0 -12.6
388.0 26.4 -11.2 2.3 -18.1
	26	14	2
2
392.0 9.1 -2.6 1.4 -5.6
421.0 28.2 -12.5 2.3 -19.4
	26	15	2
3
457.0 19.8 -5.7 2.1 -11.9
1185.0 78.9 -27.0 10.6 -52.8
1254.3 23.5 -7.8 3.3 -16.5
        26      16      2
3
490.0   9.0 -2.6  1.0 -5.4
1223.0 78.9 -27.0 10.6 -52.8
1298.6 23.5 -7.8 3.3 -16.5
	26	17	2
2
1265.0 82.2 -26.4 6.1 -49.8
1397.0 19.2 -5.5 2.8 -12.3
	26	18	2
2
1358.0 68.5 -22.0 5.1 -41.5
1471.0 19.2 -5.5 2.8 -12.3
	26	19	2
2
1456.0 54.8 -17.6 4.1 -33.2
1548.0 19.2 -5.5 2.8 -12.3
	26	20	2
2
1582.0 41.1 -13.2 3.1 -24.9
1622.0 19.2 -5.5 2.8 -12.3
	26	21	2
2
1689.0 27.4 -8.8 2.0 -16.6
1731.0 19.2 -5.5 2.8 -12.3
	26	22	2	
2
1799.0 13.7 -4.4 1.0 -8.3
1842.0 19.2 -5.5 2.8 -12.3
	26	23	2
2
1950.0 19.2 -5.3 2.7 -12.3
8482.0 24.1 -7.9 4.1 -18.0
	26	24	2
2
2045.0 9.3 -2.6 1.4 -5.8
8580.0 24.1 -7.9 4.1 -18.0
	26	25	2
1
8828.0 24.8 -8.4 3.8 -20.0
	26	26	2
1
9278.0 13.0 -4.5 1.9 -10.6
	26	27      0	
	28 	12	1
2
352.0 57.7 -18.6 7.8 -40.3
393.0 21.0 -7.1 2.3 -14.1
        28      13      1
2
384.0 45.6 -13.9 6.2 -30.0
423.0 22.8 -8.4 2.3 -15.4
        28      14      1
2
430.0 33.4 -9.7 4.6 -20.8
458.0 24.6 -9.8 2.3 -16.8
        28      15      1
2
464.0 21.3 -5.9 3.0 -12.6
494.0 26.4 -11.2 2.3 -18.1
        28      16      1
2
499.0 9.1 -2.6 1.4 -5.6
531.0 28.2 -12.5 2.3 -19.4
        28      17      1
3
571.0 19.8 -5.7 2.2 -11.9
1458.0 79.6 -27.0 10.1 -51.9
1529.1 23.5 -7.8 3.3 -16.2
        28      18      1
3
608.0 9.0 -2.6 1.0 -5.4
1500.0 79.6 -27.0 10.1 -51.9
1578.0 23.5 -7.8 3.3 -16.2
        28      19      1
2
1546.0 82.2 -26.4 5.9 -49.8
1694.0 19.4 -5.7 2.8 -12.3
        28      20      1
2
1648.0 68.5 -22.0 4.9 -41.5
1775.0 19.4 -5.7 2.8 -12.3
        28      21      1
2
1756.0 54.8 -17.6 3.9 -33.2
1858.0 19.4 -5.7 2.8 -12.3
        28      22      1
2
1894.0 41.1 -13.2 2.9 -24.9
1938.0 19.4 -5.7 2.8 -12.3    
        28      23      1
2
2011.0 27.4 -8.8 2.0 -16.6  
2056.0 19.4 -5.7 2.8 -12.3
        28      24      1
2
2131.0 13.7 -4.4 1.0 -8.3
2178.0 19.4 -5.7 2.8 -12.3
        28      25      1
2
2295.0 19.3 -5.4 2.7 -12.3
9914.0 24.3 -8.0 4.1 -18.0
        28      26      1
2
2399.0 9.2 -2.6 1.4 -5.7
10020.0 24.3 -8.0 4.1 -18.0
        28      27      1
1
10280.0 25.0 -8.5 3.7 -20.1
        28      28      1
1
10790.0 13.0 -4.5 1.9 -10.6
        28      29      0
