        6       4       0
        6       5       2
64.5
        6       6       1
3.22e-2 3.15e-1 4.06e6 8.31e5
        6       7       0
        7       5       0
        7       6       2
97.9
        7       7       1
4.61e-2 3.09e-1 5.44e6 1.14e6
        7       8       0
	8	6	0
	8	7	2
138.116	
	8	8	1
4.72e-2 0.0 6.e6 0.0
	8	9	0
	10	8	0
	10	9	2
239.000
	10	10	1
1.01e-1 2.96e-1 1.5e7 2.24e6
	10	11	0
        12      13      0
        14      15      0
        16      17      0
        18      19      0
        20      21      0
        26      27      0
        28      29      0
      12      12       4
 0.000E+00 0.000E+00 0.000E+00 0.000E+00 0.000E+00 0.000E+00 0.000E+00 0.000E+00
 0.000E+00 0.000E+00 0.000E+00 0.000E+00 0.000E+00 0.000E+00 0.000E+00 0.000E+00
 1.038E+03 1.350E+03 1.551E+03 0.000E+00 0.000E+00 0.000E+00 0.000E+00 0.000E+00
 4.677E-03 1.436E-02 3.579E-03 0.000E+00 0.000E+00 0.000E+00 0.000E+00 0.000E+00
      14      14       4
 0.000E+00 0.000E+00 0.000E+00 0.000E+00 0.000E+00 0.000E+00 0.000E+00 0.000E+00
 0.000E+00 0.000E+00 0.000E+00 0.000E+00 0.000E+00 0.000E+00 0.000E+00 0.000E+00
 1.404E+03 1.827E+03 2.116E+03 0.000E+00 0.000E+00 0.000E+00 0.000E+00 0.000E+00
 4.891E-03 1.172E-02 2.688E-03 0.000E+00 0.000E+00 0.000E+00 0.000E+00 0.000E+00
      16      16       4
 0.000E+00 0.000E+00 0.000E+00 0.000E+00 0.000E+00 0.000E+00 0.000E+00 0.000E+00
 0.000E+00 0.000E+00 0.000E+00 0.000E+00 0.000E+00 0.000E+00 0.000E+00 0.000E+00
 1.826E+03 2.379E+03 2.774E+03 0.000E+00 0.000E+00 0.000E+00 0.000E+00 0.000E+00
 4.994E-03 9.669E-03 2.049E-03 0.000E+00 0.000E+00 0.000E+00 0.000E+00 0.000E+00
      18      18       4
 0.000E+00 0.000E+00 0.000E+00 0.000E+00 0.000E+00 0.000E+00 0.000E+00 0.000E+00
 0.000E+00 0.000E+00 0.000E+00 0.000E+00 0.000E+00 0.000E+00 0.000E+00 0.000E+00
 2.304E+03 3.004E+03 3.525E+03 0.000E+00 0.000E+00 0.000E+00 0.000E+00 0.000E+00
 4.992E-03 7.950E-03 1.636E-03 0.000E+00 0.000E+00 0.000E+00 0.000E+00 0.000E+00
      20      20       4
 0.000E+00 0.000E+00 0.000E+00 0.000E+00 0.000E+00 0.000E+00 0.000E+00 0.000E+00
 0.000E+00 0.000E+00 0.000E+00 0.000E+00 0.000E+00 0.000E+00 0.000E+00 0.000E+00
 2.838E+03 3.703E+03 4.372E+03 0.000E+00 0.000E+00 0.000E+00 0.000E+00 0.000E+00
 4.878E-03 6.595E-03 1.294E-03 0.000E+00 0.000E+00 0.000E+00 0.000E+00 0.000E+00
      26      26       4
 0.000E+00 0.000E+00 0.000E+00 0.000E+00 0.000E+00 0.000E+00 0.000E+00 0.000E+00
 0.000E+00 0.000E+00 0.000E+00 0.000E+00 0.000E+00 0.000E+00 0.000E+00 0.000E+00
 4.780E+03 6.225E+03 7.425E+03 0.000E+00 0.000E+00 0.000E+00 0.000E+00 0.000E+00
 3.782E-03 3.826E-03 7.810E-04 0.000E+00 0.000E+00 0.000E+00 0.000E+00 0.000E+00
      28      28       4
 0.000E+00 0.000E+00 0.000E+00 0.000E+00 0.000E+00 0.000E+00 0.000E+00 0.000E+00
 0.000E+00 0.000E+00 0.000E+00 0.000E+00 0.000E+00 0.000E+00 0.000E+00 0.000E+00
 5.543E+03 7.223E+03 8.648E+03 0.000E+00 0.000E+00 0.000E+00 0.000E+00 0.000E+00
 3.334E-03 3.232E-03 6.460E-04 0.000E+00 0.000E+00 0.000E+00 0.000E+00 0.000E+00
      12      11       4
 0.000E+00 0.000E+00 0.000E+00 0.000E+00 0.000E+00 0.000E+00 0.000E+00 0.000E+00
 0.000E+00 0.000E+00 0.000E+00 0.000E+00 0.000E+00 0.000E+00 0.000E+00 0.000E+00
 9.749E+02 1.200E+03 1.353E+03 0.000E+00 0.000E+00 0.000E+00 0.000E+00 0.000E+00
 6.774E-03 2.089E-02 1.116E-02 0.000E+00 0.000E+00 0.000E+00 0.000E+00 0.000E+00
      14      13       4
 0.000E+00 0.000E+00 0.000E+00 0.000E+00 0.000E+00 0.000E+00 0.000E+00 0.000E+00
 0.000E+00 0.000E+00 0.000E+00 0.000E+00 0.000E+00 0.000E+00 0.000E+00 0.000E+00
 1.335E+03 1.662E+03 1.892E+03 0.000E+00 0.000E+00 0.000E+00 0.000E+00 0.000E+00
 7.827E-03 1.988E-02 6.850E-03 0.000E+00 0.000E+00 0.000E+00 0.000E+00 0.000E+00
      16      15       4
 0.000E+00 0.000E+00 0.000E+00 0.000E+00 0.000E+00 0.000E+00 0.000E+00 0.000E+00
 0.000E+00 0.000E+00 0.000E+00 0.000E+00 0.000E+00 0.000E+00 0.000E+00 0.000E+00
 1.749E+03 2.195E+03 2.520E+03 0.000E+00 0.000E+00 0.000E+00 0.000E+00 0.000E+00
 8.567E-03 1.746E-02 4.726E-03 0.000E+00 0.000E+00 0.000E+00 0.000E+00 0.000E+00
      18      17       4
 0.000E+00 0.000E+00 0.000E+00 0.000E+00 0.000E+00 0.000E+00 0.000E+00 0.000E+00
 0.000E+00 0.000E+00 0.000E+00 0.000E+00 0.000E+00 0.000E+00 0.000E+00 0.000E+00
 2.218E+03 2.799E+03 3.228E+03 0.000E+00 0.000E+00 0.000E+00 0.000E+00 0.000E+00
 8.956E-03 1.471E-02 3.653E-03 0.000E+00 0.000E+00 0.000E+00 0.000E+00 0.000E+00
      20      19       4
 0.000E+00 0.000E+00 0.000E+00 0.000E+00 0.000E+00 0.000E+00 0.000E+00 0.000E+00
 0.000E+00 0.000E+00 0.000E+00 0.000E+00 0.000E+00 0.000E+00 0.000E+00 0.000E+00
 2.741E+03 3.469E+03 4.014E+03 0.000E+00 0.000E+00 0.000E+00 0.000E+00 0.000E+00
 8.927E-03 1.202E-02 3.095E-03 0.000E+00 0.000E+00 0.000E+00 0.000E+00 0.000E+00
      26      25       4
 0.000E+00 0.000E+00 0.000E+00 0.000E+00 0.000E+00 0.000E+00 0.000E+00 0.000E+00
 0.000E+00 0.000E+00 0.000E+00 0.000E+00 0.000E+00 0.000E+00 0.000E+00 0.000E+00
 4.641E+03 5.797E+03 6.740E+03 0.000E+00 0.000E+00 0.000E+00 0.000E+00 0.000E+00
 6.870E-03 5.870E-03 2.877E-03 0.000E+00 0.000E+00 0.000E+00 0.000E+00 0.000E+00
      28      27       4
 0.000E+00 0.000E+00 0.000E+00 0.000E+00 0.000E+00 0.000E+00 0.000E+00 0.000E+00
 0.000E+00 0.000E+00 0.000E+00 0.000E+00 0.000E+00 0.000E+00 0.000E+00 0.000E+00
 5.399E+03 6.845E+03 8.000E+03 0.000E+00 0.000E+00 0.000E+00 0.000E+00 0.000E+00
 6.226E-03 5.502E-03 1.818E-03 0.000E+00 0.000E+00 0.000E+00 0.000E+00 0.000E+00
      12      10       4
 2.064E+00 2.610E+00 3.157E+00 6.982E+00 1.270E+01 1.929E+01 0.000E+00 0.000E+00
 2.337E-02 4.968E-01 4.756E-01 2.504E-01 2.251E-01 6.165E-01 0.000E+00 0.000E+00
 2.835E+01 7.163E+01 8.198E+01 1.418E+02 1.901E+02 2.466E+02 1.024E+03 1.274E+03
 4.284E-09 6.750E-03 1.038E-02 2.438E-02 6.433E-02 5.624E-03 6.662E-03 1.058E-02
      14      12       4
 3.366E+00 4.388E+00 8.322E+00 1.481E+01 2.322E+01 0.000E+00 0.000E+00 0.000E+00
 3.590E-01 6.053E-01 3.170E-01 2.937E-01 6.265E-01 0.000E+00 0.000E+00 0.000E+00
 4.482E+00 9.563E+01 1.089E+02 1.958E+02 2.665E+02 3.433E+02 1.394E+03 1.775E+03
 6.013E-11 9.617E-03 1.301E-02 2.854E-02 8.578E-02 8.106E-03 7.954E-03 1.193E-02
      16      14       4
 5.723E-01 6.415E-01 1.017E+00 1.291E+00 5.014E+00 8.605E+00 1.683E+01 2.738E+01
 4.389E-02 4.323E-01 1.573E+00 5.373E+00 5.463E-01 5.051E-01 3.931E-01 6.232E-01
 9.864E+01 1.251E+02 1.446E+02 2.658E+02 3.628E+02 4.846E+02 1.817E+03 2.333E+03
 3.151E-05 1.774E-02 1.150E-02 3.745E-02 9.332E-02 5.600E-03 8.088E-03 1.017E-02
      18      16       4
 6.772E-01 1.012E+00 1.244E+00 4.448E+00 9.371E+00 1.845E+01 3.171E+01 0.000E+00
 2.096E-01 1.038E+00 3.797E+00 1.529E+00 6.257E-01 4.984E-01 6.496E-01 0.000E+00
 7.042E+00 1.539E+02 1.739E+02 3.331E+02 4.602E+02 6.000E+02 2.284E+03 2.942E+03
 7.197E-11 1.666E-02 1.835E-02 3.660E-02 9.512E-02 1.004E-02 7.667E-03 7.175E-03
      20      18       4
 1.020E+00 1.413E+00 1.706E+00 3.514E+00 9.323E+00 2.013E+01 3.644E+01 0.000E+00
 3.434E-01 2.165E+00 7.387E+00 1.264E+00 1.001E+00 6.266E-01 6.655E-01 0.000E+00
 8.467E+00 1.879E+02 2.114E+02 4.138E+02 5.737E+02 7.472E+02 2.816E+03 3.650E+03
 6.604E-11 1.959E-02 2.113E-02 3.798E-02 9.315E-02 1.144E-02 7.294E-03 6.149E-03
      26      24       4
 4.701E+00 5.360E+00 1.077E+01 1.744E+01 3.465E+01 5.778E+01 0.000E+00 0.000E+00
 1.784E+00 3.378E+00 4.807E-01 1.015E+00 7.487E-01 5.162E-01 0.000E+00 0.000E+00
 1.176E+01 3.108E+02 3.470E+02 7.126E+02 9.973E+02 1.323E+03 4.780E+03 6.220E+03
 6.450E-11 2.535E-02 2.845E-02 3.870E-02 7.931E-02 1.107E-02 5.925E-03 4.564E-03
      28      26       4
 2.222E+00 2.621E+00 4.584E+00 1.058E+01 1.925E+01 3.921E+01 6.718E+01 0.000E+00
 5.386E-01 4.459E+00 6.136E+00 7.866E-01 1.137E+00 7.963E-01 4.807E-01 0.000E+00
 1.664E+01 3.555E+02 3.943E+02 7.744E+02 1.056E+03 1.381E+03 5.418E+03 7.142E+03
 0.000E+00 2.010E-02 3.620E-02 2.284E-02 6.545E-02 3.223E-02 4.880E-03 4.467E-03
      12       9       4
 3.280E-02 8.783E-02 3.196E+00 8.997E+00 3.035E+01 0.000E+00 0.000E+00 0.000E+00
 9.733E+01 2.655E+01 5.235E-01 9.642E-01 9.103E-01 0.000E+00 0.000E+00 0.000E+00
 3.703E+00 7.182E+01 8.723E+01 1.310E+02 1.765E+02 2.250E+02 1.039E+03 1.255E+03
 2.842E-11 1.944E-03 1.370E-02 1.793E-02 7.007E-02 1.154E-02 1.957E-03 3.306E-03
      14      11       4
 4.089E-02 9.832E-02 4.713E-01 1.699E+00 6.449E+00 3.315E+01 0.000E+00 0.000E+00
 6.878E+01 5.261E+01 1.210E+01 5.523E+00 2.132E+00 1.170E+00 0.000E+00 0.000E+00
 9.277E+01 1.123E+02 1.622E+02 2.390E+02 2.977E+02 1.391E+03 1.756E+03 0.000E+00
 1.474E-03 2.262E-02 1.629E-02 9.570E-02 3.757E-02 2.433E-03 7.072E-03 0.000E+00
      16      13       4
 2.202E-02 3.530E-01 1.265E+00 8.368E+00 3.701E+01 0.000E+00 0.000E+00 0.000E+00
 4.061E+01 6.575E+00 5.054E+00 2.438E+00 1.292E+00 0.000E+00 0.000E+00 0.000E+00
 1.210E+02 1.444E+02 2.134E+02 3.171E+02 3.980E+02 1.803E+03 2.304E+03 0.000E+00
 2.696E-03 3.347E-02 1.915E-02 1.123E-01 5.083E-02 2.925E-03 6.859E-03 0.000E+00
      18      15       4
 1.528E-01 2.311E-01 3.719E-01 1.311E+00 2.342E+00 7.658E+00 1.890E+01 5.101E+01
 1.314E+01 1.164E+01 1.822E+01 1.437E+01 5.856E+00 1.455E+00 1.188E+00 8.888E-01
 1.517E+02 1.799E+02 2.672E+02 4.010E+02 5.161E+02 2.246E+03 2.861E+03 0.000E+00
 3.827E-03 4.327E-02 2.025E-02 1.108E-01 5.784E-02 3.055E-03 4.947E-03 0.000E+00
      20      17       4
 8.471E-02 5.363E-01 1.940E+00 1.029E+01 4.632E+01 0.000E+00 0.000E+00 0.000E+00
 1.782E+01 1.290E+00 9.889E+00 2.973E+00 1.447E+00 0.000E+00 0.000E+00 0.000E+00
 1.851E+02 2.180E+02 3.188E+02 4.900E+02 6.375E+02 2.725E+03 3.532E+03 0.000E+00
 4.690E-03 5.251E-02 1.908E-02 1.140E-01 7.486E-02 3.160E-03 5.002E-03 0.000E+00
      26      23       4
 4.425E-01 6.601E-01 1.185E+00 3.512E+00 8.418E+00 1.475E+01 3.681E+01 8.463E+01
 2.264E+00 1.301E+00 1.303E+01 1.948E+00 1.793E+00 2.507E+00 1.184E+00 8.119E-01
 3.020E+02 3.533E+02 4.946E+02 8.116E+02 1.101E+03 4.374E+03 5.933E+03 0.000E+00
 5.613E-03 7.835E-02 1.732E-02 1.116E-01 8.529E-02 2.572E-03 4.315E-03 0.000E+00
      28      25       4
 4.223E-02 1.367E-01 4.029E-01 3.193E+00 8.043E+00 2.770E+01 8.589E+01 0.000E+00
 2.746E+01 4.685E+00 7.879E+00 3.695E+00 7.142E+00 2.052E+00 1.097E+00 0.000E+00
 1.733E+01 3.705E+02 4.233E+02 7.436E+02 1.023E+03 1.342E+03 5.262E+03 6.984E+03
 1.220E-10 2.555E-02 7.276E-02 3.244E-02 1.119E-01 5.521E-02 2.743E-03 3.494E-03
      12       8       4
 1.812E-02 1.133E-01 1.298E+00 5.689E+00 3.156E+01 0.000E+00 0.000E+00 0.000E+00
 1.146E+02 1.293E+01 1.389E+00 4.797E-01 9.436E-01 0.000E+00 0.000E+00 0.000E+00
 5.895E+01 7.966E+01 1.262E+02 1.630E+02 4.575E+02 1.224E+03 0.000E+00 0.000E+00
 1.276E-03 2.580E-02 9.275E-02 1.193E-01 3.678E-04 4.689E-03 0.000E+00 0.000E+00
      14      10       4
 1.459E-02 8.405E-02 3.945E-01 1.455E+00 5.260E+00 3.747E+01 0.000E+00 0.000E+00
 1.993E+01 2.238E+01 1.283E+01 3.798E+00 1.573E+00 1.027E+00 0.000E+00 0.000E+00
 7.762E+01 1.017E+02 1.346E+02 2.082E+02 2.611E+02 1.346E+03 1.741E+03 0.000E+00
 8.037E-04 2.684E-02 3.779E-02 2.063E-01 6.907E-02 1.170E-03 5.988E-03 0.000E+00
      16      12       4
 1.586E-02 1.284E-01 5.914E-01 1.861E+00 1.031E+01 4.449E+01 0.000E+00 0.000E+00
 3.883E+01 3.434E+00 2.302E+00 7.350E-01 1.113E+00 1.063E+00 0.000E+00 0.000E+00
 1.044E+02 1.341E+02 1.765E+02 2.798E+02 3.505E+02 1.634E+03 2.267E+03 0.000E+00
 1.594E-03 4.324E-02 4.248E-02 2.327E-01 1.181E-01 1.061E-03 6.292E-03 0.000E+00
      18      14       4
 2.465E-02 1.180E-01 5.184E-01 2.116E+00 7.426E+00 4.758E+01 0.000E+00 0.000E+00
 1.191E+02 3.740E+01 7.893E+00 7.755E+00 2.376E+00 1.252E+00 0.000E+00 0.000E+00
 1.432E+02 1.802E+02 3.129E+02 4.241E+02 8.560E+02 2.723E+03 0.000E+00 0.000E+00
 8.648E-03 7.863E-02 1.361E-01 2.749E-01 1.857E-03 5.086E-03 0.000E+00 0.000E+00
      20      16       4
 3.094E-01 5.315E-01 1.021E+00 2.521E+00 5.289E+00 1.222E+01 3.228E+01 6.752E+01
 2.265E+00 9.084E-01 1.211E+00 2.422E+00 1.014E+00 1.333E+00 6.903E-01 7.799E-01
 1.662E+02 2.084E+02 2.663E+02 4.425E+02 5.715E+02 2.480E+03 3.480E+03 0.000E+00
 3.281E-03 7.788E-02 4.842E-02 2.309E-01 1.847E-01 1.246E-03 4.147E-03 0.000E+00
      26      22       4
 2.099E-01 2.933E-01 5.167E-01 1.268E+00 4.111E+00 1.192E+01 3.514E+01 9.096E+01
 1.654E+01 9.708E+01 1.276E+02 4.474E+00 3.250E+00 3.283E+00 1.285E+00 9.591E-01
 1.546E+01 2.985E+02 3.624E+02 6.156E+02 8.712E+02 9.665E+02 1.253E+03 5.631E+03
 1.994E-11 1.621E-02 1.542E-01 8.845E-02 2.259E-01 7.139E-02 2.507E-02 4.608E-03
      28      24       4
 1.099E-01 2.807E-01 4.580E-01 1.760E+00 4.884E+00 1.308E+01 3.570E+01 9.916E+01
 4.312E+00 1.455E+01 1.409E+01 4.822E+00 6.744E+00 2.966E+00 1.502E+00 1.020E+00
 1.861E+01 3.474E+02 4.187E+02 7.225E+02 1.019E+03 1.152E+03 1.501E+03 6.541E+03
 3.747E-11 1.893E-02 1.694E-01 8.465E-02 2.078E-01 6.621E-02 1.933E-02 4.287E-03
      12       7       4
 7.146E-03 7.240E-02 1.505E-01 8.442E-01 3.055E+00 1.444E+01 3.606E+01 0.000E+00
 2.731E+01 6.401E+00 4.278E+00 3.975E-01 3.669E-01 2.119E-01 5.731E-01 0.000E+00
 0.000E+00 3.850E+01 6.307E+01 8.512E+01 1.252E+02 1.613E+02 1.166E+03 1.305E+03
 0.000E+00 4.722E-06 4.482E-03 4.089E-02 1.450E-01 4.336E-02 1.829E-03 2.272E-03
      14       9       4
 1.977E-02 6.566E-02 2.250E-01 8.196E-01 6.105E+00 4.024E+01 0.000E+00 0.000E+00
 3.176E+02 1.976E+02 7.116E+01 6.671E+00 5.143E-01 7.761E-01 0.000E+00 0.000E+00
 7.634E+01 1.040E+02 1.493E+02 2.043E+02 2.886E+02 1.711E+03 0.000E+00 0.000E+00
 1.138E-03 4.028E-02 8.255E-02 2.514E-01 1.272E-02 4.074E-03 0.000E+00 0.000E+00
      16      11       4
 1.450E-02 8.243E-02 2.267E-01 1.182E+00 8.096E+00 4.556E+01 0.000E+00 0.000E+00
 6.048E+01 3.295E+01 1.163E+01 1.591E+00 9.220E-01 8.468E-01 0.000E+00 0.000E+00
 1.047E+02 1.404E+02 2.097E+02 2.872E+02 4.070E+02 2.240E+03 0.000E+00 0.000E+00
 2.812E-03 7.358E-02 1.035E-01 3.090E-01 1.483E-02 3.939E-03 0.000E+00 0.000E+00
      18      13       4
 1.369E-02 9.753E-02 3.720E-01 1.697E+00 9.005E+00 5.257E+01 0.000E+00 0.000E+00
 1.427E+02 8.648E+00 1.720E+01 2.790E+00 9.488E-01 8.928E-01 0.000E+00 0.000E+00
 1.337E+02 1.768E+02 2.645E+02 3.706E+02 4.920E+02 2.737E+03 0.000E+00 0.000E+00
 4.074E-03 9.792E-02 1.047E-01 3.815E-01 4.157E-02 2.467E-03 0.000E+00 0.000E+00
      20      15       4
 8.999E-02 1.578E-01 3.553E-01 9.498E-01 1.918E+00 6.880E+00 2.512E+01 6.881E+01
 2.054E+00 9.680E+00 6.436E+00 7.052E+00 2.593E+00 1.424E+00 6.129E-01 6.885E-01
 1.689E+02 2.193E+02 3.455E+02 4.810E+02 6.530E+02 3.390E+03 0.000E+00 0.000E+00
 7.148E-03 1.285E-01 1.304E-01 3.879E-01 3.258E-02 2.506E-03 0.000E+00 0.000E+00
      26      21       4
 1.006E-01 2.570E-01 6.130E-01 2.380E+00 5.742E+00 2.005E+01 8.853E+01 0.000E+00
 3.880E+01 3.773E+01 1.624E+01 1.719E+01 7.479E+00 1.585E+00 8.681E-01 0.000E+00
 2.355E+02 3.131E+02 3.749E+02 6.582E+02 9.025E+02 1.279E+03 5.776E+03 0.000E+00
 2.042E-04 4.745E-02 1.767E-01 1.763E-01 3.120E-01 1.653E-02 2.367E-03 0.000E+00
      28      23       4
 1.107E-03 3.114E-01 1.035E+00 2.266E+00 7.157E+00 2.533E+01 9.959E+01 0.000E+00
 4.309E+01 1.832E+00 8.601E+00 5.509E+00 7.782E+00 1.478E+00 8.300E-01 0.000E+00
 3.424E+02 4.195E+02 6.973E+02 1.005E+03 1.356E+03 6.698E+03 0.000E+00 0.000E+00
 2.208E-02 2.061E-01 1.088E-01 3.211E-01 4.636E-02 2.271E-03 0.000E+00 0.000E+00
      12       6       4
 1.171E-01 7.081E-01 1.471E+00 3.974E+00 9.465E+00 2.970E+01 0.000E+00 0.000E+00
 1.641E-02 3.516E-01 2.289E-01 3.764E-01 1.148E-01 5.739E-01 0.000E+00 0.000E+00
 2.939E+00 5.337E+01 7.081E+01 9.443E+01 1.192E+02 1.494E+02 1.263E+03 0.000E+00
 7.181E-11 5.450E-04 1.221E-02 4.768E-02 6.172E-02 1.030E-02 1.930E-03 0.000E+00
      14       8       4
 1.690E-01 2.308E-01 3.604E-01 1.254E+00 2.740E+00 7.361E+00 1.742E+01 3.758E+01
 7.381E-01 1.991E+00 9.059E-01 1.980E-01 2.902E-01 2.050E-01 1.432E-01 6.329E-01
 4.321E+00 7.718E+01 1.020E+02 1.382E+02 1.807E+02 2.305E+02 1.743E+03 0.000E+00
 3.359E-10 1.445E-03 2.950E-02 6.912E-02 1.667E-01 2.547E-02 2.065E-03 0.000E+00
      16      10       4
 1.136E-01 1.701E-01 3.541E-01 1.089E+00 2.692E+00 6.056E+00 1.696E+01 4.491E+01
 4.941E+00 1.679E+00 1.371E+00 2.035E+00 2.375E+00 7.139E-01 2.520E-01 6.931E-01
 3.187E+01 1.041E+02 1.367E+02 1.890E+02 2.550E+02 3.308E+02 2.300E+03 0.000E+00
 4.071E-09 2.859E-03 4.972E-02 8.309E-02 2.601E-01 3.869E-02 2.009E-03 0.000E+00
      18      12       4
 1.279E-01 2.053E-01 4.183E-01 9.327E-01 2.582E+00 8.247E+00 2.075E+01 5.253E+01
 1.018E+00 3.242E+00 1.467E+00 8.781E-01 8.031E-01 9.952E-01 2.995E-01 7.241E-01
 1.316E+02 1.704E+02 2.261E+02 3.312E+02 4.244E+02 2.918E+03 0.000E+00 0.000E+00
 2.528E-03 6.748E-02 9.006E-02 3.482E-01 8.557E-02 1.902E-03 0.000E+00 0.000E+00
      20      14       4
 3.629E-02 7.742E-02 3.552E-01 2.241E+00 1.013E+01 5.460E+01 0.000E+00 0.000E+00
 2.877E+02 2.239E+02 7.412E+00 5.398E+00 1.363E+00 9.144E-01 0.000E+00 0.000E+00
 1.675E+02 2.161E+02 2.967E+02 4.335E+02 5.592E+02 3.631E+03 0.000E+00 0.000E+00
 5.499E-03 1.086E-01 1.043E-01 4.022E-01 8.258E-02 1.754E-03 0.000E+00 0.000E+00
      26      20       4
 4.477E-03 4.785E-02 2.833E-01 1.088E+00 3.041E+00 1.498E+01 7.697E+01 0.000E+00
 2.267E+03 1.368E+02 2.573E+01 1.709E+01 6.707E+00 2.544E+00 9.987E-01 0.000E+00
 2.812E+02 3.610E+02 4.937E+02 7.560E+02 9.965E+02 6.087E+03 0.000E+00 0.000E+00
 1.143E-02 2.079E-01 1.079E-01 4.170E-01 1.449E-01 9.867E-04 0.000E+00 0.000E+00
      28      22       4
 4.306E-03 4.661E-01 1.095E+00 4.058E+00 9.375E+00 2.890E+01 9.788E+01 0.000E+00
 7.793E+03 1.889E+00 3.264E+00 4.048E+00 4.020E+00 1.224E+00 7.779E-01 0.000E+00
 3.220E+02 4.130E+02 5.572E+02 8.794E+02 1.170E+03 7.119E+03 0.000E+00 0.000E+00
 1.188E-02 2.134E-01 1.036E-01 3.988E-01 1.525E-01 1.341E-03 0.000E+00 0.000E+00
      12       5       4
 1.021E-02 9.071E-02 6.347E-01 3.139E+00 3.308E+01 0.000E+00 0.000E+00 0.000E+00
 1.740E+01 5.827E-01 8.626E-02 5.970E-02 3.025E-01 0.000E+00 0.000E+00 0.000E+00
 2.245E+00 4.037E+01 5.699E+01 7.732E+01 9.917E+01 1.291E+02 1.256E+03 0.000E+00
 1.011E-10 2.908E-04 5.453E-03 4.180E-02 2.096E-02 2.004E-03 8.764E-04 0.000E+00
      14       7       4
 1.383E-02 8.427E-02 3.112E-01 1.490E+00 8.091E+00 4.189E+01 0.000E+00 0.000E+00
 3.262E+00 6.406E-01 5.515E-01 1.103E-01 6.878E-02 3.758E-01 0.000E+00 0.000E+00
 5.717E+01 7.739E+01 1.067E+02 1.452E+02 1.904E+02 1.735E+03 0.000E+00 0.000E+00
 2.542E-04 5.693E-03 4.815E-02 1.178E-01 3.219E-02 1.034E-03 0.000E+00 0.000E+00
      16       9       4
 1.879E-02 4.330E-02 4.894E-01 1.042E+00 7.896E+00 5.008E+01 0.000E+00 0.000E+00
 4.244E+01 1.285E+01 4.589E+00 1.662E+00 8.811E-02 4.258E-01 0.000E+00 0.000E+00
 8.179E+01 1.132E+02 1.519E+02 2.175E+02 2.837E+02 2.290E+03 0.000E+00 0.000E+00
 7.030E-04 1.723E-02 8.659E-02 2.283E-01 5.468E-02 1.069E-03 0.000E+00 0.000E+00
      18      11       4
 2.904E-02 6.746E-02 2.791E-01 9.292E-01 2.709E+00 9.703E+00 5.889E+01 0.000E+00
 1.511E+00 1.709E+00 9.834E-01 1.160E+00 9.011E-01 3.464E-01 4.474E-01 0.000E+00
 1.083E+02 1.506E+02 1.975E+02 2.944E+02 3.828E+02 2.902E+03 0.000E+00 0.000E+00
 1.143E-03 3.108E-02 1.173E-01 3.096E-01 9.264E-02 1.055E-03 0.000E+00 0.000E+00
      20      13       4
 6.155E-02 1.306E-01 4.261E-01 6.894E-01 2.015E+00 6.533E+00 2.658E+01 7.151E+01
 2.911E-01 1.861E+00 5.929E+00 8.040E+00 9.527E-01 1.498E-01 1.631E-01 4.242E-01
 1.392E+02 1.945E+02 2.545E+02 3.909E+02 5.086E+02 3.617E+03 0.000E+00 0.000E+00
 1.921E-03 5.633E-02 1.341E-01 4.043E-01 1.046E-01 1.009E-03 0.000E+00 0.000E+00
      26      19       4
 6.682E-03 6.191E-02 2.301E-01 1.291E+00 4.986E+00 2.301E+01 9.812E+01 0.000E+00
 2.096E+02 2.711E+01 1.965E+00 2.462E+00 1.051E+00 4.864E-01 5.003E-01 0.000E+00
 2.516E+02 3.424E+02 4.388E+02 7.093E+02 9.376E+02 5.988E+03 0.000E+00 0.000E+00
 5.668E-03 1.596E-01 1.647E-01 4.558E-01 1.693E-01 6.548E-04 0.000E+00 0.000E+00
      28      21       4
 2.488E-02 1.864E-01 5.843E-01 1.830E+00 6.573E+00 2.113E+01 1.083E+02 0.000E+00
 1.745E+00 2.310E+00 1.712E+00 1.852E+00 1.007E+00 9.669E-01 5.157E-01 0.000E+00
 2.967E+02 4.011E+02 5.265E+02 8.393E+02 1.116E+03 7.041E+03 0.000E+00 0.000E+00
 7.698E-03 2.110E-01 1.456E-01 4.446E-01 1.620E-01 8.316E-04 0.000E+00 0.000E+00
      12       4       4
 2.038E-02 6.697E-02 1.980E-01 1.900E+01 3.765E+01 0.000E+00 0.000E+00 0.000E+00
 1.829E-01 9.117E-02 4.714E-02 3.124E-03 1.052E-01 0.000E+00 0.000E+00 0.000E+00
 1.957E+00 3.845E+01 5.154E+01 6.534E+01 8.955E+01 2.075E+02 1.249E+03 0.000E+00
 3.282E-11 4.128E-04 4.821E-03 2.901E-02 2.433E-03 8.120E-06 3.142E-04 0.000E+00
      14       6       4
 2.828E-02 9.223E-02 4.217E-01 1.136E+00 1.164E+01 4.781E+01 0.000E+00 0.000E+00
 4.121E-01 2.514E-01 1.995E-01 1.491E-01 8.128E-03 1.518E-01 0.000E+00 0.000E+00
 3.176E+00 5.808E+01 8.032E+01 1.072E+02 1.389E+02 1.776E+02 1.726E+03 0.000E+00
 1.014E-10 6.712E-04 9.937E-03 5.598E-02 3.852E-02 5.848E-03 4.237E-04 0.000E+00
      16       8       4
 5.532E-02 1.052E-01 3.096E-01 8.876E-01 1.525E+01 5.814E+01 0.000E+00 0.000E+00
 1.237E-01 3.956E-01 2.034E-01 1.351E-01 2.117E-02 1.792E-01 0.000E+00 0.000E+00
 4.520E+00 8.343E+01 1.208E+02 1.672E+02 2.228E+02 2.987E+02 9.110E+02 2.278E+03
 8.061E-10 1.661E-03 3.479E-02 1.154E-01 1.032E-01 4.777E-03 1.402E-07 4.686E-04
      18      10       4
 8.101E-02 1.506E-01 3.621E-01 8.794E-01 2.204E+00 5.522E+00 3.378E+01 7.086E+01
 6.601E-02 5.289E-01 2.352E-01 1.699E-01 1.621E-01 1.037E-01 2.746E-02 1.816E-01
 3.282E+01 1.079E+02 1.510E+02 2.000E+02 2.800E+02 3.618E+02 2.905E+03 0.000E+00
 3.502E-09 1.812E-03 3.994E-02 1.013E-01 2.369E-01 5.365E-02 4.810E-04 0.000E+00
      20      12       4
 2.168E-01 3.170E-01 6.789E-01 1.429E+00 2.919E+00 1.793E+01 4.345E+01 8.305E+01
 4.735E-02 4.208E-01 2.109E-01 1.507E-01 1.147E-01 4.332E-02 3.865E-02 1.841E-01
 1.325E+02 1.841E+02 2.417E+02 3.617E+02 4.682E+02 3.558E+03 0.000E+00 0.000E+00
 1.547E-03 4.320E-02 1.335E-01 3.354E-01 9.950E-02 4.881E-04 0.000E+00 0.000E+00
      26      18       4
 2.014E-01 3.854E-01 5.807E-01 2.135E+00 5.978E+00 1.769E+01 5.147E+01 1.206E+02
 1.732E-01 4.610E-01 1.178E+00 3.114E-01 2.005E-01 1.745E-01 7.209E-02 1.963E-01
 2.417E+02 3.356E+02 4.346E+02 6.875E+02 9.060E+02 6.017E+03 0.000E+00 0.000E+00
 4.545E-03 1.409E-01 1.829E-01 4.703E-01 1.461E-01 3.317E-04 0.000E+00 0.000E+00
      28      20       4
 9.250E-02 7.467E-01 4.174E+00 1.268E+01 1.189E+02 0.000E+00 0.000E+00 0.000E+00
 1.917E+01 1.846E+00 7.118E-01 7.977E-01 2.502E-01 0.000E+00 0.000E+00 0.000E+00
 2.837E+02 3.926E+02 5.066E+02 8.109E+02 1.078E+03 7.034E+03 0.000E+00 0.000E+00
 5.644E-03 1.769E-01 1.860E-01 4.595E-01 1.510E-01 3.968E-04 0.000E+00 0.000E+00
      26      17       4
 0.000E+00 0.000E+00 0.000E+00 0.000E+00 0.000E+00 0.000E+00 0.000E+00 0.000E+00
 0.000E+00 0.000E+00 0.000E+00 0.000E+00 0.000E+00 0.000E+00 0.000E+00 0.000E+00
 2.307E+02 3.245E+02 4.177E+02 6.600E+02 8.621E+02 6.898E+03 0.000E+00 0.000E+00
 2.820E-03 8.001E-02 1.645E-01 4.476E-01 1.503E-01 2.775E-04 0.000E+00 0.000E+00
      28      19       4
 0.000E+00 0.000E+00 0.000E+00 0.000E+00 0.000E+00 0.000E+00 0.000E+00 0.000E+00
 0.000E+00 0.000E+00 0.000E+00 0.000E+00 0.000E+00 0.000E+00 0.000E+00 0.000E+00
 2.700E+02 3.810E+02 4.861E+02 7.828E+02 1.033E+03 8.024E+03 0.000E+00 0.000E+00
 3.273E-03 1.057E-01 1.763E-01 4.503E-01 1.542E-01 2.706E-04 0.000E+00 0.000E+00
      26      16       3
2.46e1 2.48e2 5.6e2 0.0 1.2e-1 1.2e-1 6.0e-1 0.0
      26      15       3
3.94e1 1.98e2 0.0 0.0 1.9e-1 9.0e-2 0.0 0.0
      26      14       3
3.63e1 1.93e2 0.0 0.0 2.6e-1 1.6e-1 0.0 0.0
      26      13       3
7.5e1 2.05e2 0.0 0.0 2.4e-1 1.7e-1 0.0 0.0
      26      12       3
5.96e1 3.62e2 0.0 0.0 2.25e-1 2.31e-1 0.0 0.0
      26      11       3
2.22e1 1.44e2 0.0 0.0 1.00e-1 2.80e-1 0.0 0.0
      26      10       3
2.16e1 1.36e2 0.0 0.0 1.4e-1 2.6e-1 0.0 0.0
      28      18       5
1.02e-1 5.14e-2 4.46e5 1.59e6
      28      17       5
3.02e-1 1.21e-1 4.96e5 6.24e5
      28      16       5
3.63e-1 3.37e-1 5.24e5 1.29e6
      28      15       5
4.46e-1 3.32e-1 5.97e5 8.84e5
      28      14       5
5.25e-1 1.92e-1 6.65e5 1.89e6
      28      13       5
6.44e-1 1.34e-1 7.44e5 1.25e6
      28      12       5
7.09e-1 1.35e-1 7.64e5 1.80e6
