        6       4       1
0.6
        6       5       0
        6       6       0
        6       7       0
        7       5       1
0.8
        7       6       0
        7       7       0
        7       8       0
	8	6	1
1.25
	8	7	0
	8	8	0
	8	9	0
	10	8	1
1.0
	10	9	0
	10	10	0
	10	11	0
	12	 4	0
	12	 5	0
	12	 6	0
	12	 7	0
	12	 8	0
	12	 9	0
	12	10	1
1.0
	12	11	0
	12	12	0
	12	13	0
	14	 6	0
	14	 7	0
	14	 8	0
	14	 9	0
	14	10	0
	14	11	0
	14	12	1
1.0
	14	13	0
	14	14	0
	14	15	0
	16	 8	0
	16	 9	0
	16	10	0
	16	11	0
	16	12	0
	16	13	0
	16	14	1
1.0
	16	15	0
	16	16	0
	16	17	0
	18 	10	0
	18 	11	0
	18 	12	0
	18 	13	0
	18 	14	0
	18 	15	0
	18	16	1
1.0
	18	17	0
	18	18	0
	18 	19	0
	20	12	0
	20	13	0
	20	14	0
	20	15	0
	20	16	0
	20	17	0
	20	18	1
1.0
	20	19	0
	20	20	0
	20	21	0
        28      12      0
        28      13      3
730.946 5.10204e-16
        28      14      3
779.661 5.10204e-16
        28      15      3
798.769 5.10204e-16
        28      16      3
779.417 5.10204e-16
        28      17      3
833.396 5.10204e-16
        28      18      3
840.043 2.27027e-16
        28      19      0
        28      20      0
        28      21      0
        28      22      0
        28      23      0
        28      24      0
        28      25      0
        28      26      1
1.0
        28      27      0
        28      28      0
        28      29      0
        26      10      2
650. 0.0 0.0 0.0 1.96 0.0
        26      11      2
650. 0.0 0.0 0.0 3.21 0.0
        26      12      2
650. 0.0 0.0 0.0 3.89 0.0
        26      13      2
670. 0.0 0.0 0.0 4.10 0.0
        26      14      2
671. 0.0 0.0 0.0 5.92 0.0
        26      15      2
700. 0.0 0.0 0.0 4.81 0.0
        26      16      2
704. 0.0 0.0 0.0 2.95 0.0
	26	17	0
	26	18	0
	26	19	0
	26	20	0
	26	21	0
	26	22	0	
	26	23	0
	26	24	2
6592.0 1.64e-2 1.76e-3 -1.17e-2 0.0 2.16e-2
	26	25	0
	26	26	0
	26	27      0	

