97
6 	4	1	0 	3.522e+02 	8.412e+01 	8.111e+01 	7.459e+01 	1.428e+00 	0.000e+00
2
2
3
-1 -1 -1 -1
7 	5	1	0 	5.043e+02 	1.060e+02 	7.304e+01 	5.547e+01 	1.538e+00 	0.000e+00
2
2
3
-1 -1 -1 -1
8 	6	1	0 	6.837e+02 	1.354e+02 	6.029e+01 	5.682e+01 	1.533e+00 	0.000e+00
2
2
3
-1 -1 -1 -1
10 	8	1	0 	1.125e+03 	2.193e+02 	3.719e+01 	8.181e+01 	1.396e+00 	0.000e+00
2
2
3
-1 -1 -1 -1
12 	10	1	0 	1.675e+03 	2.858e+02 	3.290e+01 	5.384e+01 	1.560e+00 	0.000e+00
2
2
3
-1 -1 -1 -1
14 	12	1	0 	2.336e+03 	3.150e+02 	3.880e+01 	3.034e+01 	1.925e+00 	0.000e+00
2
2
3
-1 -1 -1 -1
16 	14	1	0 	3.107e+03 	4.667e+02 	2.293e+01 	4.459e+01 	1.668e+00 	0.000e+00
2
2
3
-1 -1 -1 -1
18 	16	1	0 	3.988e+03 	4.680e+02 	3.003e+01 	2.854e+01 	2.037e+00 	0.000e+00
2
2
3
-1 -1 -1 -1
20 	18	1	0 	4.982e+03 	6.640e+02 	1.820e+01 	3.979e+01 	1.777e+00 	0.000e+00
2
2
3
-1 -1 -1 -1
26      24      1       0       8.638e+03       1.087e+03	1.157e+01       5.086e+01       1.722e+00       0.000e+00
2
2
5
-1 -1 -1 -1
28 	26	1	0 	1.008e+04 	1.373e+03 	8.336e+00 	7.347e+01 	1.558e+00 	0.000e+00
2
2
3
-1 -1 -1 -1
12 	 9	1	0 	1.618e+03 	2.671e+02 	3.699e+01 	5.000e+01 	1.650e+00 	0.000e+00
1
25
-1 -1 -1 -1
14 	11	1	0 	2.268e+03 	3.599e+02 	2.832e+01 	5.000e+01 	1.650e+00 	0.000e+00
1
25
-1 -1 -1 -1
16 	13	1	0 	3.029e+03 	4.669e+02 	2.233e+01 	5.000e+01 	1.650e+00 	0.000e+00
1
25
-1 -1 -1 -1
18 	15	1	0 	3.898e+03 	4.756e+02 	2.883e+01 	2.615e+01 	2.074e+00 	0.000e+00
1
25
-1 -1 -1 -1
20 	17	1	0 	4.880e+03 	7.235e+02 	1.486e+01 	5.000e+01 	1.650e+00 	0.000e+00
1
25
-1 -1 -1 -1
26      23      1       0       8.484e+03       1.215e+03       9.098e+00       5.000e+01       1.650e+00       0.000e+00
1 
25
-1 -1 -1 -1
28 	25	1	0 	9.937e+03 	1.382e+03 	8.149e+00 	6.782e+01 	1.580e+00 	0.000e+00
1
25
-1 -1 -1 -1
12      8  	1	0 	1.558e+03 	3.082e+02 	2.721e+01 	5.108e+01 	1.539e+00 	0.000e+00
4
47
48
49
53
-1 -1 -1 -1
14     10	1	0 	2.194e+03 	3.356e+02 	3.343e+01 	2.487e+01 	1.982e+00 	0.000e+00
4
47
48
49
53
-1 -1 -1 -1
16     12  	1	0 	2.941e+03 	4.828e+02 	2.087e+01 	3.742e+01 	1.720e+00 	0.000e+00
4
47
48
49
53
-1 -1 -1 -1
18     14	1	0 	3.798e+03 	4.749e+02 	2.874e+01 	2.235e+01 	2.171e+00 	0.000e+00
4
47
48
49
53
-1 -1 -1 -1
20     16	1	0 	4.767e+03 	6.862e+02 	1.665e+01 	3.443e+01 	1.823e+00 	0.000e+00
4
47
48
49
53
-1 -1 -1 -1
26     22       1       0       8.350e+03       1.066e+03       1.181e+01       4.116e+01       1.827e+00       0.000e+00
4 
167
168
169
173
-1 -1 -1 -1
28     24	1	0 	9.771e+03 	1.404e+03 	7.788e+00 	6.396e+01 	1.592e+00 	0.000e+00
4
47
48
49
53
-1 -1 -1 -1
12 	7	1	0 	1.501e+03 	2.742e+02 	3.407e+01 	5.000e+01 	1.650e+00 	0.000e+00
8
126
127
128
130
131
132
133
134
-1 -1 -1 -1
14 	9	1	0 	2.125e+03 	3.679e+02 	2.641e+01 	5.000e+01 	1.650e+00 	0.000e+00
8
126
127
128
130
131
132
133
134
-1 -1 -1 -1
16     11	1	0 	2.859e+03 	4.758e+02 	2.101e+01 	5.000e+01 	1.650e+00 	0.000e+00
8
126
127
128
130
131
132
133
134
-1 -1 -1 -1
18     13	1	0 	3.702e+03 	4.731e+02 	2.888e+01 	2.042e+01 	2.234e+00 	0.000e+00
8
126
127
128
130
131
132
133
134
-1 -1 -1 -1
20     15	1	0 	4.659e+03 	7.342e+02 	1.417e+01 	5.000e+01 	1.650e+00 	0.000e+00
8
126
127
128
130
131
132
133
134
-1 -1 -1 -1
26     21       1       0       8.184e+03       1.228e+03       8.773e+00       5.000e+01       1.650e+00       0.000e+00
8 
514
515
516
518
519
520
521
522
-1 -1 -1 -1
28     23	1	0 	9.609e+03 	1.415e+03 	7.600e+00 	6.229e+01 	1.599e+00 	0.000e+00
8
126
127
128
130
131
132
133
134
-1 -1 -1 -1
12 	6	1	0 	1.449e+03 	2.777e+02 	3.278e+01 	5.000e+01 	1.650e+00 	0.000e+00
10
47
48
49
50
51
52
53
54
55
56
-1 -1 -1 -1
14 	8	1	0 	2.058e+03 	3.442e+02 	3.135e+01 	2.260e+01 	2.020e+00 	0.000e+00
10
47
48
49
50
51
52
53
54
55
56
-1 -1 -1 -1
16     10	1	0 	2.782e+03 	4.802e+02 	2.041e+01 	5.000e+01 	1.650e+00 	0.000e+00
10
73
74
75
76
77
78
79
80
81
82
-1 -1 -1 -1
18     12	1	0 	3.613e+03 	6.028e+02 	1.666e+01 	5.000e+01 	1.650e+00 	0.000e+00
10
21
22
23
24
25
26
27
28
29
30
-1 -1 -1 -1
20     14	1	0 	4.555e+03 	7.396e+02 	1.384e+01 	5.000e+01 	1.650e+00 	0.000e+00
10
47
48
49
50
51
52
53
54
55
56
-1 -1 -1 -1
26     20       1       0       8.041e+03       1.235e+03       8.619e+00       5.000e+01       1.650e+00       0.000e+00
10 
591
592
593
594
595
596
597
598
599
600
-1 -1 -1 -1
28 	22	1	0 	9.423e+03 	1.429e+03 	7.520e+00 	5.000e+01 	1.650e+00 	0.000e+00
10
21
22
23
24
25
26
27
28
29
30
-1 -1 -1 -1
12 	5	1	0 	1.400e+03 	3.259e+02 	2.350e+01 	6.173e+01 	1.464e+00 	0.000e+00
8
73
74
75
76
77
78
79
80
-1 -1 -1 -1
14 	7	1	0 	2.001e+03 	3.759e+02 	2.474e+01 	5.000e+01 	1.650e+00 	0.000e+00
8
73
74
75
76
77
78
79
80
-1 -1 -1 -1
16 	9	1	0 	2.705e+03 	4.937e+02 	1.946e+01 	3.568e+01 	1.737e+00 	0.000e+00
8
73
74
75
76
77
78
79
80
-1 -1 -1 -1
18     11	1	0 	3.523e+03 	4.789e+02 	2.796e+01 	1.917e+01 	2.271e+00 	0.000e+00
8
73
74
75
76
77
78
79
80
-1 -1 -1 -1
20     13	1	0 	4.453e+03 	6.989e+02 	1.570e+01 	3.218e+01 	1.851e+00 	0.000e+00
8
92
93
94
95
96
97
98
99
-1 -1 -1 -1
26     19       1       0       7.918e+03       1.068e+03       1.155e+01       3.578e+01       1.895e+00       0.000e+00
8 
726
727
728
729
730
731
732
733
-1 -1 -1 -1
28     21	1	0 	9.300e+03 	1.401e+03 	7.673e+00 	5.681e+01 	1.640e+00 	0.000e+00
8
16
17
18
19
20
21
22
23
-1 -1 -1 -1
12 	4	1	0 	1.356e+03 	3.345e+02 	2.212e+01 	7.147e+01 	1.413e+00 	0.000e+00
4
87
88
89
90
-1 -1 -1 -1
14 	6	1	0 	1.946e+03 	3.799e+02 	2.398e+01 	5.000e+01 	1.650e+00 	0.000e+00
4
87
88
89
90
-1 -1 -1 -1
16 	8	1	0 	2.641e+03 	4.891e+02 	1.931e+01 	5.000e+01 	1.650e+00 	0.000e+00
4
87
88
89
90
-1 -1 -1 -1
18     10 	1	0 	3.446e+03 	6.126e+02 	1.585e+01 	5.000e+01 	1.650e+00 	0.000e+00
4
87
88
89
90
-1 -1 -1 -1
20     12	1	0 	4.362e+03 	7.503e+02 	1.324e+01 	5.000e+01 	1.650e+00 	0.000e+00
4
87
88
89
90
-1 -1 -1 -1
26     18       1       0       7.769e+03       1.249e+03       8.327e+00       5.000e+01       1.650e+00       0.000e+00
4
631
632
633
634
-1 -1 -1 -1
28     20	1	0 	9.125e+03 	1.443e+03 	7.283e+00 	5.000e+01 	1.650e+00 	0.000e+00
4
59
60
61
62
-1 -1 -1 -1
26     17	1	0 	7.651e+03 	1.067e+03       1.150e+01 	3.412e+01 	1.922e+00 	0.000e+00
1
337
-1 -1 -1 -1
28     19	1	0 	9.007e+03 	1.400e+03 	7.626e+00 	5.528e+01 	1.653e+00 	0.000e+00
1
114
-1 -1 -1 -1
26     16	1	0 	7.599e+03 	1.061e+03       1.161e+01 	3.713e+01 	1.889e+00 	0.000e+00 
2
16
17
-1 -1 -1 -1
28     18	1	0 	8.950e+03 	1.383e+03 	7.837e+00 	5.839e+01 	1.644e+00 	0.000e+00
2
16
17
-1 -1 -1 -1
26     15	1	0 	7.553e+03 	1.258e+03 	8.097e+00 	5.000e+01 	1.650e+00 	0.000e+00
1
42
453 3985 5562 0
28     17	1	0 	8.894e+03 	1.442e+03 	7.159e+00 	6.122e+01 	1.602e+00 	0.000e+00
1
24
779 4517 4704 0
26     14	1	0 	7.499e+03 	1.112e+03 	1.052e+01 	3.562e+01 	1.871e+00 	0.000e+00
4
21
22
23
24
313 3390 6297 0
28     16	1	0 	8.838e+03 	1.452e+03 	7.048e+00 	6.036e+01 	1.602e+00 	0.000e+00
4
21
22
23
24
515 3988 5497 0
26     13	1	0 	7.450e+03 	1.103e+03 	1.069e+01 	3.585e+01 	1.875e+00 	0.000e+00
8
37
38
39
40
41
42
43
44
297 3336 1792 4575
28     15	1	0 	8.783e+03 	1.448e+03 	7.081e+00 	6.137e+01 	1.599e+00 	0.000e+00
8
37
38
39
40
41
42
43
44
454 3945 1902 3699
26     12	1	0 	7.403e+03 	1.096e+03 	1.083e+01 	3.612e+01 	1.878e+00 	0.000e+00
10
49
50
51
52
53
54
55
56
57
58
236 3345 1299 5120
28     14	1	0 	8.720e+03 	1.467e+03 	6.912e+00 	5.000e+01 	1.650e+00 	0.000e+00
10
49
50
51
52
53
54
55
56
57
58
303 4019 1282 4396
26     11	1	0 	7.359e+03 	1.095e+03 	1.084e+01 	3.598e+01 	1.880e+00 	0.000e+00
8
37
38
39
40
41
42
43
44
282 3283 1267 5168
28     13	1	0 	8.680e+03 	1.439e+03 	7.182e+00 	6.248e+01 	1.598e+00 	0.000e+00
8
37
38
39
40
41
42
43
44
351 3949 1185 4515
26     10	1	0 	7.316e+03 	1.098e+03 	1.078e+01 	3.596e+01 	1.878e+00 	0.000e+00
4
21
22
23
24
336 3222 1357 5085
28     12	1	0 	8.620e+03 	1.467e+03 	6.916e+00 	5.000e+01 	1.650e+00 	0.000e+00
4
21
22
23
24
413 3875 1250 4462
26	10	2	1 	9.590e+02 	1.647e+02 	2.392e+02 	5.276e+01 	4.204e+00 	1.574e-05
1
1
27 9973 0 0
26	10	2	0 	1.076e+03 	1.710e+02 	8.135e+00 	2.440e+01 	4.817e+00 	0.000e+00
1
1
876 9124 0 0
28	12	2	1 	1.207e+03 	2.467e+02 	1.337e+02 	7.000e+01 	3.700e+00 	1.000e-01
1
1
40 9960 0 0
28	12	2	0 	1.328e+03 	2.299e+02 	6.430e+00 	2.600e+01 	4.500e+00 	0.000e+00
1
1
1137 8863 0 0
26	11	2	1 	9.983e+02 	1.632e+02 	2.449e+02 	5.452e+01 	4.187e+00 	1.594e-05
1
1
48 9952 0 0
26	11	2	0 	1.115e+03 	1.714e+02 	8.138e+00 	2.516e+01 	4.774e+00 	0.000e+00
1
1
846 9154 0 0
28	13	2	1 	1.262e+03 	2.088e+02 	1.852e+02 	6.640e+01 	3.924e+00 	4.306e-07
1
1
71 9929 0 0
28	13	2	0 	1.379e+03 	1.886e+02 	7.589e+00 	2.560e+01 	4.825e+00 	0.000e+00
1
1
1100 8900 0 0
26	12	2	1 	1.039e+03 	1.383e+02 	3.325e+02 	5.090e+01 	4.446e+00 	1.114e-05
1
1
112 9888 0 0
26	12	2	0 	1.155e+03 	1.720e+02 	8.161e+00 	2.570e+01 	4.741e+00 	0.000e+00
1
1
798 9202 0 0
28	14	2	1 	1.299e+03 	2.464e+02 	1.356e+02 	7.000e+01 	3.700e+00 	1.000e-01
1
1
167 9833 0 0
28	14	2	0 	1.419e+03 	2.287e+02 	6.549e+00 	2.600e+01 	4.500e+00 	0.000e+00
1
1
1039 8961 0 0
26	13	2	1 	1.081e+03 	1.392e+02 	3.316e+02 	5.237e+01 	4.410e+00 	1.107e-05
1
1
662 9338 0 0
26	13	2	0 	1.197e+03 	1.722e+02 	8.199e+00 	2.626e+01 	4.710e+00 	0.000e+00
1
1
714 9286 0 0
28	15	2	1 	1.356e+03 	2.108e+02 	1.846e+02 	6.874e+01 	3.886e+00 	4.288e-07
1
1
994 9006 0 0
28	15	2	0 	1.471e+03 	1.841e+02 	7.825e+00 	2.644e+01 	4.816e+00 	0.000e+00
1
1
934 9066 0 0
26	14	2	1 	1.125e+03 	1.387e+02 	3.367e+02 	5.279e+01 	4.407e+00 	1.111e-05
1
1
954 9046 0 0
26	14	2	0 	1.240e+03 	1.724e+02 	8.240e+00 	2.693e+01 	4.675e+00 	0.000e+00
1
1
548 9452 0 0
28	16	2	1 	1.405e+03 	2.180e+02 	1.742e+02 	6.951e+01 	3.842e+00 	4.401e-07
1
1
1400 8600 0 0
28	16	2	0 	1.519e+03 	1.853e+02 	7.851e+00 	2.679e+01 	4.785e+00 	0.000e+00
1
1
725 9275 0 0
26	15	2	1 	1.181e+03 	2.136e+02 	1.496e+02 	7.000e+01 	3.700e+00 	1.000e-01
1
1
1263 8737 0 0
26	15	2	0 	1.287e+03 	1.967e+02 	7.555e+00 	2.600e+01 	4.500e+00 	0.000e+00
1
1
19 9981 0 0
28	17	2	1 	1.456e+03 	2.327e+02 	1.539e+02 	7.045e+01 	3.763e+00 	4.221e-07
1
1
1802 8198 0 0
28	17	2	0 	1.569e+03 	1.824e+02 	8.013e+00 	2.738e+01 	4.780e+00 	0.000e+00
1
1
37 9963 0 0
26	16	2	1 	1.216e+03 	1.396e+02 	3.383e+02 	5.459e+01 	4.366e+00 	1.179e-05
1
1
10000 0 0 0
26	16	2	0 	1.329e+03 	1.363e+02 	9.940e+00 	3.026e+01 	4.885e+00 	0.000e+00
1
1
10000 0 0 0
28	18	2	1 	1.506e+03 	2.334e+02 	1.540e+02 	7.184e+01 	3.746e+00 	4.400e-07
1
1
10000 0 0 0
28	18	2	0 	1.618e+03 	1.444e+02 	9.470e+00 	3.104e+01 	4.981e+00 	0.000e+00
1
1
10000 0 0 0








