        6       4       1
4.90e-12 0.803
        6       5       4
8.540e-11 0.5247 5.014e2 1.479e7
        6       6       4
2.765e-10 0.6858 1.535e2 2.556e7
        6       7       4
6.556e-10 0.7567 6.523e1 2.446e7
        7       5       1
9.40e-12 0.765
        7       6       4
1.169e-10 0.5470 6.793e2 1.650e7
        7       7       4
3.910e-10 0.6988 1.611e2 3.271e7
        7       8       4
7.586e-10 0.7563 9.015e1 3.338e7
	8	6	1
1.59e-11 0.759
	8	7	4
2.053e-10 0.6019 4.772e2 1.711e7
	8	8	4
4.987e-10 0.7048 1.906e2 4.093e7
	8	9	4
8.616e-10 0.7563 1.191e2 4.352e7
	10	8	1
3.46e-11 0.742
	10	9	4
3.200e-10 0.6198 6.329e2 2.616e7
	10	10	4
6.161e-10 0.7029 3.274e2 6.243e7
	10	11	4
1.085e-9 0.7570 1.834e2 6.776e7
        12       4      6
2.001E+00 6.339E-01 2.693E-03 1.071E+03 1.464E-01 4.992E+01
        12       5      6
4.878E+00 7.060E-01 1.768E-03 1.024E+03 8.149E-02 5.967E+01
        12       6      6
5.314E+00 6.838E-01 4.443E-03 1.256E+03 5.602E-02 6.008E+01
        12       7      5
1.165E+01 7.390E-01 1.946E-03 1.513E+03  
        12       8      5
1.705E+01 7.543E-01 1.681E-03 1.267E+03  
        12       9      5
2.038E+01 7.524E-01 2.026E-03 1.207E+03  
	12	10	5
2.148E+01 7.415E-01 2.805E-03 1.503E+03
	12	11	5
2.082E+01 7.213E-01 4.392E-03 2.008E+03
	12	12	5
2.616e1 7.478e-1 4.678e-3 5.144e3
	12	13	5
3.959e1 7.778e-1 3.243e-3 7.437e3
        14       6      6
4.156E+00 6.323E-01 6.301E-03 2.072E+03 6.492E-02 1.063E+02
        14       7      5
8.021E+00 6.894E-01 3.847E-03 2.899E+03  
        14       8      5
1.217E+01 7.186E-01 3.207E-03 2.131E+03 
        14       9      5
1.856E+01 7.434E-01 2.426E-03 1.731E+03  
        14      10      5
2.556E+01 7.559E-01 2.080E-03 1.566E+03 
	14      11      5
3.016E+01 7.563E-01 2.309E-03 1.531E+03 
	14	12	5
3.118E+01 7.471E-01 3.073E-03 1.906E+03
	14	13	5
3.048E+01 7.316E-01 4.435E-03 2.474E+03
	14	14	5
3.625E+01 7.534E-01 4.901E-03 6.471E+03
	14	15	5
5.130E+01 7.802E-01 3.665E-03 9.832E+03
        16       8      5
8.221E+00 6.645E-01 6.275E-03 3.606E+03  
        16       9      5
1.296E+01 7.025E-01 4.654E-03 2.734E+03  
        16      10      5
1.729E+01 7.192E-01 4.337E-03 2.626E+03  
        16      11      5
2.695E+01 7.464E-01 2.847E-03 2.040E+03  
        16      12      5
3.559E+01 7.577E-01 2.438E-03 1.912E+03  
        16      13      5
4.177E+01 7.599E-01 2.544E-03 1.898E+03  
	16	14	5
4.266E+01 7.520E-01 3.292E-03 2.351E+03
	16	15	5
4.173E+01 7.393E-01 4.532E-03 3.000E+03
	16	16	5
4.753E+01 7.579E-01 5.178E-03 7.902E+03
	16	17	5
6.429E+01 7.824E-01 4.064E-03 1.245E+04
        18      10      5
1.317E+01 6.813E-01 6.877E-03 3.339E+03  
        18      11      5
1.976E+01 7.129E-01 4.989E-03 2.842E+03  
        18      12      5
2.738E+01 7.331E-01 3.972E-03 2.569E+03
        18      13      5
3.716E+01 7.498E-01 3.158E-03 2.386E+03  
        18      14      5
4.726E+01 7.598E-01 2.745E-03 2.294E+03  
        18      15      5
5.449E+01 7.626E-01 2.815E-03 2.311E+03  
	18	16	5
5.522E+01 7.557E-01 3.560E-03 2.844E+03
	18	17	5
5.422E+01 7.452E-01 4.702E-03 3.580E+03
	18	18	5
6.018E+01 7.618E-01 5.441E-03 9.417E+03
	18 	19	5
7.835E+01 7.844E-01 4.459E-03 1.528E+04
        20      12      5
2.003E+01 6.960E-01 6.849E-03 3.323E+03  
        20      13      5
2.828E+01 7.215E-01 5.165E-03 3.052E+03  
        20      14      5
3.743E+01 7.384E-01 4.223E-03 2.889E+03  
        20      15      5
4.857E+01 7.526E-01 3.477E-03 2.772E+03  
        20      16      5
5.986E+01 7.615E-01 3.075E-03 2.726E+03 
        20      17      5
6.844E+01 7.648E-01 3.089E-03 2.766E+03  
	20	18	5
6.919E+01 7.590E-01 3.811E-03 3.376E+03
	20	19	5
6.783E+01 7.499E-01 4.917E-03 4.212E+03 
	20	20	5
7.368E+01 7.651E-01 5.760E-03 1.103E+04 
	20	21	5
9.351E+01 7.863E-01 4.843E-03 1.828E+04
        26      10      2
8.13e-11 8.1e-1
        26      11      2
1.09e-10 8.29e-1
        26      12      2
1.33e-10 8.28e-1
        26      13      2
1.64e-10 8.34e-1
        26      14      2
2.00e-10 8.36e-1
        26      15      2
2.41e-10 8.40e-1
        26      16      3
1.46e-10 0.597 5.22e-2
	26	17	4
7.688e-10 0.1673 1.653e3 6.161e7
	26	18	5
5.039E+01 7.244E-01 6.646E-03 3.899E+03
	26	19	5
6.252E+01 7.389E-01 5.639E-03 4.014E+03
	26	20	5
7.534E+01 7.500E-01 4.966E-03 4.083E+03
	26	21	5
8.931E+01 7.592E-01 4.440E-03 4.153E+03
	26	22	5	
1.031E+02 7.658E-01 4.116E-03 4.254E+03 
	26	23	5
1.142E+02 7.692E-01 4.096E-03 4.400E+03
	26	24	5
1.153E+02 7.656E-01 4.784E-03 5.286E+03
	26	25	5
1.140E+02 7.598E-01 5.760E-03 6.428E+03
	26	26	5
1.206E+02 7.730E-01 6.701E-03 1.627E+04
	26	27      5	
1.438E+02 7.911E-01 6.050E-03 2.816E+04
        28      12      2
1.5e-10 8.10e-1
        28      13      2
1.91e-10 8.29e-1
        28      14      2
2.29e-10 8.28e-1
        28      15      2
2.63e-10 8.34e-1
        28      16      2
3.16e-10 8.36e-1
        28      17      2
3.63e-10 8.40e-1
        28      18      2
4.03e-10 8.46e-1
        28      19      4
6.347e-10 0.5631 3.780e3 1.116e8
        28      20      5
6.346E+01 7.306E-01 6.655E-03 4.210E+03
        28      21      5
7.616E+01 7.428E-01 5.871E-03 4.409E+03  
        28      22      5
8.981E+01 7.526E-01 5.271E-03 4.554E+03 
        28      23      5
1.045E+02 7.608E-01 4.796E-03 4.683E+03 
        28      24      5
1.187E+02 7.668E-01 4.508E-03 4.852E+03
        28      25      5
1.306E+02 7.703E-01 4.471E-03 5.036E+03
        28      26      5
1.320E+02 7.672E-01 5.143E-03 6.018E+03
        28      27      5
1.307E+02 7.622E-01 6.108E-03 7.270E+03 
        28      28      5
1.380E+02 7.752E-01 7.031E-03 1.814E+04
        28      29      5
1.622E+02 7.924E-01 6.448E-03 3.170E+04
